Seed,Iteration,Sus,Inf,cumInf,Rec,Iso,Vac
1,0,9900,100,100,0,0,8000
1,1,9817,183,183,0,0,8000
1,2,9680,320,320,0,0,8000
1,3,9486,514,514,0,100,8000
1,4,9231,769,769,0,183,8000
1,5,8860,1140,1140,0,320,8000
1,6,8373,1577,1627,50,464,8000
1,7,7788,2095,2212,117,652,8000
1,8,7198,2583,2802,219,921,8000
1,9,6683,2950,3317,367,1260,8000
1,10,6260,3172,3740,568,1644,8000
1,11,6001,3145,3999,854,1948,8000
1,12,5839,2920,4161,1241,2076,8000
1,13,5742,2531,4258,1727,2013,8000
1,14,5690,2045,4310,2265,1734,8000
1,15,5658,1551,4342,2791,1370,8000
1,16,5638,1096,4362,3266,992,8000
1,17,5626,741,4374,3633,677,8000
1,18,5622,481,4378,3897,445,8000
1,19,5619,303,4381,4078,284,8000
1,20,5617,189,4383,4194,180,8000
1,21,5614,118,4386,4268,110,8000
1,22,5612,73,4388,4315,66,8000
1,23,5611,44,4389,4345,38,8000
1,24,5611,27,4389,4362,24,8000
1,25,5611,17,4389,4372,16,8000
1,26,5611,11,4389,4378,11,8000
1,27,5611,7,4389,4382,7,8000
1,28,5611,4,4389,4385,4,8000
1,29,5611,2,4389,4387,2,8000
1,30,5611,1,4389,4388,1,8000
1,31,5611,0,4389,4389,0,8000
