Seed,Iteration,Sus,Inf,cumInf,Rec,Iso,Vac
1,0,9900,100,100,0,0,8000
1,1,9817,183,183,0,0,8000
1,2,9680,320,320,0,0,8000
1,3,9486,514,514,0,100,8000
1,4,9231,769,769,0,183,8000
1,5,8860,1140,1140,0,320,8000
1,6,8373,1577,1627,50,464,8000
1,7,7788,2095,2212,117,652,8000
1,8,7198,2583,2802,219,921,8000
1,9,6683,2950,3317,367,1260,8000
1,10,6260,3172,3740,568,1644,8000
1,11,6001,3145,3999,854,1948,8000
1,12,5839,2920,4161,1241,2076,8000
1,13,5742,2531,4258,1727,2013,8000
1,14,5690,2045,4310,2265,1734,8000
1,15,5658,1551,4342,2791,1370,8000
1,16,5638,1096,4362,3266,992,8000
1,17,5626,741,4374,3633,677,8000
1,18,5622,481,4378,3897,445,8000
1,19,5619,303,4381,4078,284,8000
2,0,9900,100,100,0,0,8000
2,1,9899,101,101,0,0,8000
2,2,9898,102,102,0,0,8000
2,3,9897,103,103,0,100,8000
2,4,9897,103,103,0,101,8000
2,5,9897,103,103,0,102,8000
2,6,9897,53,103,50,53,8000
2,7,9897,28,103,75,28,8000
2,8,9897,15,103,88,15,8000
2,9,9897,8,103,95,8,8000
2,10,9897,4,103,99,4,8000
2,11,9897,2,103,101,2,8000
2,12,9897,1,103,102,1,8000
2,13,9897,1,103,102,1,8000
2,14,9897,1,103,102,1,8000
2,15,9897,1,103,102,1,8000
2,16,9897,1,103,102,1,8000
2,17,9897,1,103,102,1,8000
2,18,9897,1,103,102,1,8000
2,19,9897,1,103,102,1,8000
3,0,9900,100,100,0,0,8000
3,1,9899,101,101,0,0,8000
3,2,9899,101,101,0,0,8000
3,3,9899,101,101,0,100,8000
3,4,9899,101,101,0,101,8000
3,5,9899,101,101,0,101,8000
3,6,9899,51,101,50,51,8000
3,7,9899,25,101,76,25,8000
3,8,9899,12,101,89,12,8000
3,9,9899,6,101,95,6,8000
3,10,9899,3,101,98,3,8000
3,11,9899,1,101,100,1,8000
3,12,9899,0,101,101,0,8000
