Seed,Iteration,Sus,Inf,cumInf,Rec,Iso,Vac
1,0,9900,100,100,0,0,8000
1,1,9817,183,183,0,0,8000
1,2,9680,320,320,0,0,8000
1,3,9486,514,514,0,100,8000
1,4,9231,769,769,0,183,8000
1,5,8860,1140,1140,0,320,8000
1,6,8373,1577,1627,50,464,8000
1,7,7788,2095,2212,117,652,8000
1,8,7198,2583,2802,219,921,8000
1,9,6683,2950,3317,367,1260,8000
1,10,6260,3172,3740,568,1644,8000
1,11,6001,3145,3999,854,1948,8000
1,12,5839,2920,4161,1241,2076,8000
1,13,5742,2531,4258,1727,2013,8000
1,14,5690,2045,4310,2265,1734,8000
2,0,9900,100,100,0,0,8000
2,1,9897,103,103,0,0,8000
2,2,9895,105,105,0,0,8000
2,3,9894,106,106,0,100,8000
2,4,9894,106,106,0,103,8000
2,5,9894,106,106,0,105,8000
2,6,9893,57,107,50,56,8000
2,7,9893,31,107,76,30,8000
2,8,9893,17,107,90,16,8000
2,9,9893,9,107,98,9,8000
2,10,9893,5,107,102,5,8000
2,11,9893,3,107,104,3,8000
2,12,9893,2,107,105,2,8000
2,13,9893,1,107,106,1,8000
2,14,9893,1,107,106,1,8000
