Seed,Iteration,Sus,Inf,cumInf,Rec,Iso,Vac
1,0,48811,494,494,0,0,39444
1,1,41786,7519,7519,0,0,39444
1,2,40650,8655,8655,0,0,39444
1,3,40320,8985,8985,0,494,39444
1,4,40174,9131,9131,0,7519,39444
1,5,40085,9220,9220,0,8655,39444
1,6,40037,9021,9268,247,8738,39444
1,7,40023,5399,9282,3883,5248,39444
1,8,40021,3015,9284,6269,2951,39444
1,9,40021,1657,9284,7627,1641,39444
1,10,40021,905,9284,8379,903,39444
1,11,40021,484,9284,8800,484,39444
1,12,40021,250,9284,9034,250,39444
1,13,40021,126,9284,9158,126,39444
1,14,40021,63,9284,9221,63,39444
1,15,40021,31,9284,9253,31,39444
1,16,40021,15,9284,9269,15,39444
1,17,40021,7,9284,9277,7,39444
1,18,40021,3,9284,9281,3,39444
1,19,40021,1,9284,9283,1,39444
1,20,40021,0,9284,9284,0,39444
2,0,48811,494,494,0,0,39444
2,1,41688,7617,7617,0,0,39444
2,2,40569,8736,8736,0,0,39444
2,3,40201,9104,9104,0,494,39444
2,4,40062,9243,9243,0,7617,39444
2,5,39991,9314,9314,0,8736,39444
2,6,39948,9110,9357,247,8857,39444
2,7,39938,5435,9367,3932,5311,39444
2,8,39935,3036,9370,6334,2980,39444
2,9,39935,1651,9370,7719,1638,39444
2,10,39935,889,9370,8481,886,39444
2,11,39935,472,9370,8898,472,39444
2,12,39935,242,9370,9128,242,39444
2,13,39935,122,9370,9248,122,39444
2,14,39935,61,9370,9309,61,39444
2,15,39935,30,9370,9340,30,39444
2,16,39935,15,9370,9355,15,39444
2,17,39935,7,9370,9363,7,39444
2,18,39935,3,9370,9367,3,39444
2,19,39935,1,9370,9369,1,39444
2,20,39935,0,9370,9370,0,39444
