Seed,Iteration,Sus,Inf,cumInf,Rec,Iso,Vac
1,0,9900,100,100,0,0,8000
1,1,9817,183,183,0,0,8000
1,2,9680,320,320,0,0,8000
1,3,9486,514,514,0,100,8000
1,4,9231,769,769,0,183,8000
1,5,8860,1140,1140,0,320,8000
1,6,8373,1577,1627,50,464,8000
1,7,7788,2095,2212,117,652,8000
1,8,7198,2583,2802,219,921,8000
1,9,6683,2950,3317,367,1260,8000
1,10,6260,3172,3740,568,1644,8000
1,11,6001,3145,3999,854,1948,8000
1,12,5839,2920,4161,1241,2076,8000
1,13,5742,2531,4258,1727,2013,8000
1,14,5690,2045,4310,2265,1734,8000
1,15,5658,1551,4342,2791,1370,8000
1,16,5638,1096,4362,3266,992,8000
1,17,5626,741,4374,3633,677,8000
1,18,5622,481,4378,3897,445,8000
1,19,5619,303,4381,4078,284,8000
1,20,5617,189,4383,4194,180,8000
1,21,5614,118,4386,4268,110,8000
1,22,5612,73,4388,4315,66,8000
1,23,5611,44,4389,4345,38,8000
1,24,5611,27,4389,4362,24,8000
1,25,5611,17,4389,4372,16,8000
1,26,5611,11,4389,4378,11,8000
1,27,5611,7,4389,4382,7,8000
1,28,5611,4,4389,4385,4,8000
1,29,5611,2,4389,4387,2,8000
1,30,5611,1,4389,4388,1,8000
1,31,5611,0,4389,4389,0,8000
2,0,9900,100,100,0,0,8000
2,1,9823,177,177,0,0,8000
2,2,9683,317,317,0,0,8000
2,3,9453,547,547,0,100,8000
2,4,9127,873,873,0,177,8000
2,5,8708,1292,1292,0,317,8000
2,6,8174,1776,1826,50,497,8000
2,7,7591,2296,2409,113,760,8000
2,8,6972,2813,3028,215,1077,8000
2,9,6448,3171,3552,381,1445,8000
2,10,6082,3291,3918,627,1782,8000
2,11,5861,3180,4139,959,2069,8000
2,12,5741,2867,4259,1392,2160,8000
2,13,5668,2432,4332,1900,2018,8000
2,14,5624,1912,4376,2464,1675,8000
2,15,5600,1392,4400,3008,1251,8000
2,16,5589,948,4411,3463,869,8000
2,17,5586,613,4414,3801,575,8000
2,18,5583,387,4417,4030,370,8000
2,19,5581,238,4419,4181,230,8000
2,20,5580,142,4420,4278,136,8000
2,21,5580,81,4420,4339,78,8000
2,22,5580,45,4420,4375,44,8000
2,23,5580,26,4420,4394,26,8000
2,24,5580,15,4420,4405,15,8000
2,25,5580,8,4420,4412,8,8000
2,26,5580,4,4420,4416,4,8000
2,27,5580,2,4420,4418,2,8000
2,28,5580,1,4420,4419,1,8000
2,29,5580,1,4420,4419,1,8000
2,30,5580,1,4420,4419,1,8000
2,31,5580,1,4420,4419,1,8000
2,32,5580,1,4420,4419,1,8000
2,33,5580,1,4420,4419,1,8000
2,34,5580,1,4420,4419,1,8000
2,35,5580,1,4420,4419,1,8000
2,36,5580,1,4420,4419,1,8000
2,37,5580,1,4420,4419,1,8000
2,38,5580,1,4420,4419,1,8000
2,39,5580,1,4420,4419,1,8000
2,40,5580,1,4420,4419,1,8000
2,41,5580,1,4420,4419,1,8000
2,42,5580,1,4420,4419,1,8000
2,43,5580,1,4420,4419,1,8000
2,44,5580,1,4420,4419,1,8000
2,45,5580,1,4420,4419,1,8000
2,46,5580,1,4420,4419,1,8000
2,47,5580,1,4420,4419,1,8000
2,48,5580,1,4420,4419,1,8000
2,49,5580,1,4420,4419,1,8000
2,50,5580,1,4420,4419,1,8000
2,51,5580,1,4420,4419,1,8000
2,52,5580,1,4420,4419,1,8000
2,53,5580,1,4420,4419,1,8000
2,54,5580,1,4420,4419,1,8000
2,55,5580,1,4420,4419,1,8000
2,56,5580,1,4420,4419,1,8000
2,57,5580,1,4420,4419,1,8000
2,58,5580,1,4420,4419,1,8000
2,59,5580,1,4420,4419,1,8000
2,60,5580,1,4420,4419,1,8000
2,61,5580,1,4420,4419,1,8000
2,62,5580,1,4420,4419,1,8000
2,63,5580,1,4420,4419,1,8000
2,64,5580,1,4420,4419,1,8000
2,65,5580,1,4420,4419,1,8000
2,66,5580,1,4420,4419,1,8000
2,67,5580,1,4420,4419,1,8000
2,68,5580,1,4420,4419,1,8000
2,69,5580,1,4420,4419,1,8000
2,70,5580,1,4420,4419,1,8000
2,71,5580,1,4420,4419,1,8000
2,72,5580,1,4420,4419,1,8000
2,73,5580,1,4420,4419,1,8000
2,74,5580,1,4420,4419,1,8000
2,75,5580,1,4420,4419,1,8000
2,76,5580,1,4420,4419,1,8000
2,77,5580,1,4420,4419,1,8000
2,78,5580,1,4420,4419,1,8000
2,79,5580,1,4420,4419,1,8000
2,80,5580,1,4420,4419,1,8000
2,81,5580,1,4420,4419,1,8000
2,82,5580,1,4420,4419,1,8000
2,83,5580,1,4420,4419,1,8000
2,84,5580,1,4420,4419,1,8000
2,85,5580,1,4420,4419,1,8000
2,86,5580,1,4420,4419,1,8000
2,87,5580,1,4420,4419,1,8000
2,88,5580,1,4420,4419,1,8000
2,89,5580,1,4420,4419,1,8000
2,90,5580,1,4420,4419,1,8000
2,91,5580,1,4420,4419,1,8000
2,92,5580,1,4420,4419,1,8000
2,93,5580,1,4420,4419,1,8000
2,94,5580,1,4420,4419,1,8000
2,95,5580,1,4420,4419,1,8000
2,96,5580,1,4420,4419,1,8000
2,97,5580,1,4420,4419,1,8000
2,98,5580,1,4420,4419,1,8000
2,99,5580,1,4420,4419,1,8000
3,0,9900,100,100,0,0,8000
3,1,9815,185,185,0,0,8000
3,2,9669,331,331,0,0,8000
3,3,9454,546,546,0,100,8000
3,4,9114,886,886,0,185,8000
3,5,8676,1324,1324,0,331,8000
3,6,8124,1826,1876,50,496,8000
3,7,7493,2389,2507,118,768,8000
3,8,6910,2865,3090,225,1099,8000
3,9,6435,3179,3565,386,1490,8000
3,10,6096,3268,3904,636,1871,8000
3,11,5912,3108,4088,980,2110,8000
3,12,5802,2770,4198,1428,2137,8000
3,13,5733,2299,4267,1968,1936,8000
3,14,5697,1774,4303,2529,1559,8000
3,15,5672,1281,4328,3047,1151,8000
3,16,5655,869,4345,3476,791,8000
3,17,5646,572,4354,3782,521,8000
3,18,5644,366,4356,3990,338,8000
3,19,5642,229,4358,4129,216,8000
3,20,5640,144,4360,4216,138,8000
3,21,5639,89,4361,4272,84,8000
3,22,5639,52,4361,4309,49,8000
3,23,5639,29,4361,4332,28,8000
3,24,5639,17,4361,4344,17,8000
3,25,5639,10,4361,4351,10,8000
3,26,5639,5,4361,4356,5,8000
3,27,5639,2,4361,4359,2,8000
3,28,5639,1,4361,4360,1,8000
3,29,5639,0,4361,4361,0,8000
4,0,9900,100,100,0,0,8000
4,1,9802,198,198,0,0,8000
4,2,9642,358,358,0,0,8000
4,3,9406,594,594,0,100,8000
4,4,9066,934,934,0,198,8000
4,5,8609,1391,1391,0,358,8000
4,6,8035,1915,1965,50,544,8000
4,7,7452,2424,2548,124,810,8000
4,8,6859,2900,3141,241,1150,8000
4,9,6402,3180,3598,418,1547,8000
4,10,6094,3230,3906,676,1872,8000
4,11,5898,3068,4102,1034,2107,8000
4,12,5783,2717,4217,1500,2098,8000
4,13,5721,2255,4279,2024,1882,8000
4,14,5690,1727,4310,2583,1519,8000
4,15,5665,1244,4335,3091,1126,8000
4,16,5651,850,4349,3499,780,8000
4,17,5644,555,4356,3801,509,8000
4,18,5639,352,4361,4009,326,8000
4,19,5635,221,4365,4144,205,8000
4,20,5635,138,4365,4227,129,8000
4,21,5635,84,4365,4281,80,8000
4,22,5635,50,4365,4315,50,8000
4,23,5635,29,4365,4336,29,8000
4,24,5635,16,4365,4349,16,8000
4,25,5635,8,4365,4357,8,8000
4,26,5635,4,4365,4361,4,8000
4,27,5635,2,4365,4363,2,8000
4,28,5635,1,4365,4364,1,8000
4,29,5635,0,4365,4365,0,8000
5,0,9900,100,100,0,0,8000
5,1,9801,199,199,0,0,8000
5,2,9651,349,349,0,0,8000
5,3,9442,558,558,0,100,8000
5,4,9148,852,852,0,199,8000
5,5,8767,1233,1233,0,349,8000
5,6,8257,1693,1743,50,508,8000
5,7,7691,2184,2309,125,727,8000
5,8,7098,2665,2902,237,996,8000
5,9,6597,3005,3403,398,1345,8000
5,10,6239,3136,3761,625,1684,8000
5,11,6011,3060,3989,929,1973,8000
5,12,5874,2790,4126,1336,2067,8000
5,13,5795,2382,4205,1823,1938,8000
5,14,5739,1898,4261,2363,1626,8000
5,15,5700,1417,4300,2883,1243,8000
5,16,5683,995,4317,3322,883,8000
5,17,5670,674,4330,3656,605,8000
5,18,5659,450,4341,3891,409,8000
5,19,5654,298,4346,4048,269,8000
5,20,5647,198,4353,4155,175,8000
5,21,5644,128,4356,4228,113,8000
5,22,5644,83,4356,4273,73,8000
5,23,5642,56,4358,4302,51,8000
5,24,5641,37,4359,4322,34,8000
5,25,5641,25,4359,4334,22,8000
5,26,5641,15,4359,4344,14,8000
5,27,5641,9,4359,4350,9,8000
5,28,5641,6,4359,4353,6,8000
5,29,5641,3,4359,4356,3,8000
5,30,5641,1,4359,4358,1,8000
5,31,5641,0,4359,4359,0,8000
6,0,9900,100,100,0,0,8000
6,1,9791,209,209,0,0,8000
6,2,9622,378,378,0,0,8000
6,3,9355,645,645,0,100,8000
6,4,8957,1043,1043,0,209,8000
6,5,8458,1542,1542,0,378,8000
6,6,7881,2069,2119,50,595,8000
6,7,7292,2579,2708,129,914,8000
6,8,6735,3012,3265,253,1289,8000
6,9,6290,3261,3710,449,1670,8000
6,10,6005,3249,3995,746,1962,8000
6,11,5838,3018,4162,1144,2121,8000
6,12,5746,2623,4254,1631,2079,8000
6,13,5696,2135,4304,2169,1826,8000
6,14,5667,1616,4333,2717,1445,8000
6,15,5650,1137,4350,3213,1041,8000
6,16,5640,756,4360,3604,700,8000
6,17,5633,484,4367,3883,450,8000
6,18,5631,301,4369,4068,282,8000
6,19,5630,184,4370,4186,174,8000
6,20,5628,113,4372,4259,108,8000
6,21,5628,68,4372,4304,65,8000
6,22,5628,40,4372,4332,38,8000
6,23,5628,23,4372,4349,23,8000
6,24,5627,14,4373,4359,13,8000
6,25,5627,9,4373,4364,8,8000
6,26,5627,5,4373,4368,4,8000
6,27,5627,3,4373,4370,3,8000
6,28,5627,2,4373,4371,2,8000
6,29,5627,2,4373,4371,2,8000
6,30,5627,1,4373,4372,1,8000
6,31,5627,1,4373,4372,1,8000
6,32,5627,1,4373,4372,1,8000
6,33,5627,1,4373,4372,1,8000
6,34,5627,1,4373,4372,1,8000
6,35,5627,1,4373,4372,1,8000
6,36,5627,1,4373,4372,1,8000
6,37,5627,1,4373,4372,1,8000
6,38,5627,1,4373,4372,1,8000
6,39,5627,1,4373,4372,1,8000
6,40,5627,1,4373,4372,1,8000
6,41,5627,1,4373,4372,1,8000
6,42,5627,1,4373,4372,1,8000
6,43,5627,1,4373,4372,1,8000
6,44,5627,1,4373,4372,1,8000
6,45,5627,1,4373,4372,1,8000
6,46,5627,1,4373,4372,1,8000
6,47,5627,1,4373,4372,1,8000
6,48,5627,1,4373,4372,1,8000
6,49,5627,1,4373,4372,1,8000
6,50,5627,1,4373,4372,1,8000
6,51,5627,1,4373,4372,1,8000
6,52,5627,1,4373,4372,1,8000
6,53,5627,1,4373,4372,1,8000
6,54,5627,1,4373,4372,1,8000
6,55,5627,1,4373,4372,1,8000
6,56,5627,1,4373,4372,1,8000
6,57,5627,1,4373,4372,1,8000
6,58,5627,1,4373,4372,1,8000
6,59,5627,1,4373,4372,1,8000
6,60,5627,1,4373,4372,1,8000
6,61,5627,1,4373,4372,1,8000
6,62,5627,1,4373,4372,1,8000
6,63,5627,1,4373,4372,1,8000
6,64,5627,1,4373,4372,1,8000
6,65,5627,1,4373,4372,1,8000
6,66,5627,1,4373,4372,1,8000
6,67,5627,1,4373,4372,1,8000
6,68,5627,1,4373,4372,1,8000
6,69,5627,1,4373,4372,1,8000
6,70,5627,1,4373,4372,1,8000
6,71,5627,1,4373,4372,1,8000
6,72,5627,1,4373,4372,1,8000
6,73,5627,1,4373,4372,1,8000
6,74,5627,1,4373,4372,1,8000
6,75,5627,1,4373,4372,1,8000
6,76,5627,1,4373,4372,1,8000
6,77,5627,1,4373,4372,1,8000
6,78,5627,1,4373,4372,1,8000
6,79,5627,1,4373,4372,1,8000
6,80,5627,1,4373,4372,1,8000
6,81,5627,1,4373,4372,1,8000
6,82,5627,1,4373,4372,1,8000
6,83,5627,1,4373,4372,1,8000
6,84,5627,1,4373,4372,1,8000
6,85,5627,1,4373,4372,1,8000
6,86,5627,1,4373,4372,1,8000
6,87,5627,1,4373,4372,1,8000
6,88,5627,1,4373,4372,1,8000
6,89,5627,1,4373,4372,1,8000
6,90,5627,1,4373,4372,1,8000
6,91,5627,1,4373,4372,1,8000
6,92,5627,1,4373,4372,1,8000
6,93,5627,1,4373,4372,1,8000
6,94,5627,1,4373,4372,1,8000
6,95,5627,1,4373,4372,1,8000
6,96,5627,1,4373,4372,1,8000
6,97,5627,1,4373,4372,1,8000
6,98,5627,1,4373,4372,1,8000
6,99,5627,1,4373,4372,1,8000
7,0,9900,100,100,0,0,8000
7,1,9802,198,198,0,0,8000
7,2,9650,350,350,0,0,8000
7,3,9440,560,560,0,100,8000
7,4,9127,873,873,0,198,8000
7,5,8683,1317,1317,0,350,8000
7,6,8147,1803,1853,50,510,8000
7,7,7580,2296,2420,124,749,8000
7,8,6979,2784,3021,237,1080,8000
7,9,6511,3090,3489,399,1454,8000
7,10,6136,3228,3864,636,1784,8000
7,11,5893,3130,4107,977,2044,8000
7,12,5757,2828,4243,1415,2074,8000
7,13,5690,2392,4310,1918,1946,8000
7,14,5647,1883,4353,2470,1637,8000
7,15,5623,1397,4377,2980,1263,8000
7,16,5611,967,4389,3422,888,8000
7,17,5603,632,4397,3765,588,8000
7,18,5598,398,4402,4004,373,8000
7,19,5592,251,4408,4157,232,8000
7,20,5591,154,4409,4255,142,8000
7,21,5589,95,4411,4316,86,8000
7,22,5589,58,4411,4353,55,8000
7,23,5589,36,4411,4375,34,8000
7,24,5589,22,4411,4389,22,8000
7,25,5589,12,4411,4399,12,8000
7,26,5589,7,4411,4404,7,8000
7,27,5589,3,4411,4408,3,8000
7,28,5589,1,4411,4410,1,8000
7,29,5589,0,4411,4411,0,8000
8,0,9900,100,100,0,0,8000
8,1,9800,200,200,0,0,8000
8,2,9634,366,366,0,0,8000
8,3,9395,605,605,0,100,8000
8,4,9064,936,936,0,200,8000
8,5,8573,1427,1427,0,366,8000
8,6,8021,1929,1979,50,555,8000
8,7,7381,2494,2619,125,811,8000
8,8,6805,2949,3195,246,1181,8000
8,9,6376,3198,3624,426,1553,8000
8,10,6070,3249,3930,681,1938,8000
8,11,5896,3050,4104,1054,2141,8000
8,12,5788,2695,4212,1517,2107,8000
8,13,5719,2213,4281,2068,1862,8000
8,14,5679,1689,4321,2632,1472,8000
8,15,5660,1212,4340,3128,1084,8000
8,16,5643,828,4357,3529,752,8000
8,17,5636,547,4364,3817,504,8000
8,18,5634,351,4366,4015,325,8000
8,19,5632,220,4368,4148,209,8000
8,20,5630,135,4370,4235,129,8000
8,21,5629,83,4371,4288,78,8000
8,22,5629,48,4371,4323,45,8000
8,23,5629,27,4371,4344,26,8000
8,24,5629,16,4371,4355,16,8000
8,25,5629,9,4371,4362,9,8000
8,26,5629,5,4371,4366,5,8000
8,27,5629,2,4371,4369,2,8000
8,28,5629,1,4371,4370,1,8000
8,29,5629,0,4371,4371,0,8000
9,0,9900,100,100,0,0,8000
9,1,9813,187,187,0,0,8000
9,2,9658,342,342,0,0,8000
9,3,9407,593,593,0,100,8000
9,4,9055,945,945,0,187,8000
9,5,8616,1384,1384,0,342,8000
9,6,8037,1913,1963,50,543,8000
9,7,7422,2460,2578,118,827,8000
9,8,6867,2903,3133,230,1154,8000
9,9,6375,3214,3625,411,1552,8000
9,10,6039,3283,3961,678,1900,8000
9,11,5843,3126,4157,1031,2102,8000
9,12,5748,2755,4252,1497,2128,8000
9,13,5697,2266,4303,2037,1924,8000
9,14,5667,1748,4333,2585,1572,8000
9,15,5648,1247,4352,3105,1147,8000
9,16,5639,828,4361,3533,770,8000
9,17,5636,519,4364,3845,488,8000
9,18,5632,320,4368,4048,304,8000
9,19,5630,195,4370,4175,186,8000
9,20,5630,116,4370,4254,110,8000
9,21,5629,68,4371,4303,65,8000
9,22,5629,39,4371,4332,38,8000
9,23,5629,23,4371,4348,22,8000
9,24,5629,13,4371,4358,13,8000
9,25,5629,7,4371,4364,7,8000
9,26,5629,4,4371,4367,4,8000
9,27,5629,2,4371,4369,2,8000
9,28,5629,1,4371,4370,1,8000
9,29,5629,1,4371,4370,1,8000
9,30,5629,1,4371,4370,1,8000
9,31,5629,1,4371,4370,1,8000
9,32,5629,1,4371,4370,1,8000
9,33,5629,1,4371,4370,1,8000
9,34,5629,1,4371,4370,1,8000
9,35,5629,1,4371,4370,1,8000
9,36,5629,1,4371,4370,1,8000
9,37,5629,1,4371,4370,1,8000
9,38,5629,1,4371,4370,1,8000
9,39,5629,1,4371,4370,1,8000
9,40,5629,1,4371,4370,1,8000
9,41,5629,1,4371,4370,1,8000
9,42,5629,1,4371,4370,1,8000
9,43,5629,1,4371,4370,1,8000
9,44,5629,1,4371,4370,1,8000
9,45,5629,1,4371,4370,1,8000
9,46,5629,1,4371,4370,1,8000
9,47,5629,1,4371,4370,1,8000
9,48,5629,1,4371,4370,1,8000
9,49,5629,1,4371,4370,1,8000
9,50,5629,1,4371,4370,1,8000
9,51,5629,1,4371,4370,1,8000
9,52,5629,1,4371,4370,1,8000
9,53,5629,1,4371,4370,1,8000
9,54,5629,1,4371,4370,1,8000
9,55,5629,1,4371,4370,1,8000
9,56,5629,1,4371,4370,1,8000
9,57,5629,1,4371,4370,1,8000
9,58,5629,1,4371,4370,1,8000
9,59,5629,1,4371,4370,1,8000
9,60,5629,1,4371,4370,1,8000
9,61,5629,1,4371,4370,1,8000
9,62,5629,1,4371,4370,1,8000
9,63,5629,1,4371,4370,1,8000
9,64,5629,1,4371,4370,1,8000
9,65,5629,1,4371,4370,1,8000
9,66,5629,1,4371,4370,1,8000
9,67,5629,1,4371,4370,1,8000
9,68,5629,1,4371,4370,1,8000
9,69,5629,1,4371,4370,1,8000
9,70,5629,1,4371,4370,1,8000
9,71,5629,1,4371,4370,1,8000
9,72,5629,1,4371,4370,1,8000
9,73,5629,1,4371,4370,1,8000
9,74,5629,1,4371,4370,1,8000
9,75,5629,1,4371,4370,1,8000
9,76,5629,1,4371,4370,1,8000
9,77,5629,1,4371,4370,1,8000
9,78,5629,1,4371,4370,1,8000
9,79,5629,1,4371,4370,1,8000
9,80,5629,1,4371,4370,1,8000
9,81,5629,1,4371,4370,1,8000
9,82,5629,1,4371,4370,1,8000
9,83,5629,1,4371,4370,1,8000
9,84,5629,1,4371,4370,1,8000
9,85,5629,1,4371,4370,1,8000
9,86,5629,1,4371,4370,1,8000
9,87,5629,1,4371,4370,1,8000
9,88,5629,1,4371,4370,1,8000
9,89,5629,1,4371,4370,1,8000
9,90,5629,1,4371,4370,1,8000
9,91,5629,1,4371,4370,1,8000
9,92,5629,1,4371,4370,1,8000
9,93,5629,1,4371,4370,1,8000
9,94,5629,1,4371,4370,1,8000
9,95,5629,1,4371,4370,1,8000
9,96,5629,1,4371,4370,1,8000
9,97,5629,1,4371,4370,1,8000
9,98,5629,1,4371,4370,1,8000
9,99,5629,1,4371,4370,1,8000
10,0,9900,100,100,0,0,8000
10,1,9793,207,207,0,0,8000
10,2,9625,375,375,0,0,8000
10,3,9374,626,626,0,100,8000
10,4,9049,951,951,0,207,8000
10,5,8583,1417,1417,0,375,8000
10,6,8019,1931,1981,50,576,8000
10,7,7431,2440,2569,129,822,8000
10,8,6840,2908,3160,252,1165,8000
10,9,6399,3162,3601,439,1542,8000
10,10,6103,3202,3897,695,1874,8000
10,11,5919,3025,4081,1056,2104,8000
10,12,5809,2672,4191,1519,2082,8000
10,13,5748,2208,4252,2044,1853,8000
10,14,5719,1679,4281,2602,1479,8000
10,15,5702,1196,4298,3102,1089,8000
10,16,5692,808,4308,3500,752,8000
10,17,5684,525,4316,3791,490,8000
10,18,5679,330,4321,3991,307,8000
10,19,5678,200,4322,4122,186,8000
10,20,5678,120,4322,4202,114,8000
10,21,5677,73,4323,4250,71,8000
10,22,5676,45,4324,4279,43,8000
10,23,5676,26,4324,4298,24,8000
10,24,5676,14,4324,4310,13,8000
10,25,5676,8,4324,4316,8,8000
10,26,5676,5,4324,4319,5,8000
10,27,5676,3,4324,4321,3,8000
10,28,5676,1,4324,4323,1,8000
10,29,5676,0,4324,4324,0,8000
